245	0.01293	0.02641	0.05361	0.06672	0.09801	0.11996	0.13594	0.14972	0.17666	0.18943
246	0.01432	0.02978	0.05876	0.0735	0.10657	0.13016	0.14792	0.16358	0.19257	0.20635
247	0.01608	0.03387	0.06476	0.08133	0.11661	0.14207	0.16176	0.17943	0.2108	0.22592
248	0.01807	0.03821	0.07137	0.0899	0.12754	0.1551	0.17704	0.19698	0.23095	0.24751
249	0.02018	0.04295	0.07842	0.09931	0.1394	0.16931	0.19356	0.21606	0.25263	0.27055
250	0.0226	0.04819	0.08647	0.10971	0.15255	0.18508	0.21187	0.23697	0.27635	0.2959
251	0.02525	0.05396	0.09522	0.12102	0.16686	0.20225	0.23147	0.25947	0.30196	0.32332
252	0.02828	0.06013	0.10448	0.13296	0.18181	0.22029	0.25235	0.28339	0.32907	0.35243
253	0.03147	0.06662	0.11415	0.14559	0.19759	0.23918	0.27409	0.30834	0.35772	0.38269
254	0.03461	0.07332	0.12418	0.15854	0.21369	0.25861	0.29652	0.33438	0.38699	0.41428
255	0.03814	0.08061	0.135	0.1724	0.23117	0.27969	0.32063	0.36181	0.41856	0.44793
256	0.0417	0.08814	0.14627	0.18688	0.24948	0.3017	0.3458	0.39079	0.45121	0.48292
257	0.04545	0.09595	0.15784	0.20189	0.26822	0.32424	0.3716	0.42034	0.48521	0.51925
258	0.04935	0.10398	0.16972	0.21709	0.28748	0.34737	0.39793	0.45054	0.51966	0.55594
259	0.05285	0.11168	0.18131	0.23219	0.30623	0.37009	0.42407	0.48065	0.5538	0.59255
260	0.05692	0.11996	0.1938	0.24811	0.3261	0.39402	0.45149	0.51232	0.58961	0.63103
261	0.06086	0.1282	0.206	0.26374	0.3459	0.41777	0.47857	0.54354	0.62503	0.66866
262	0.0648	0.13654	0.2183	0.2793	0.36525	0.44115	0.50561	0.57461	0.66037	0.70635
263	0.0682	0.14449	0.23034	0.29488	0.3847	0.46483	0.53255	0.60514	0.69496	0.743
264	0.0717	0.15242	0.24204	0.30991	0.40317	0.48741	0.55849	0.63523	0.72828	0.77906
265	0.07516	0.16009	0.25353	0.32455	0.42137	0.5094	0.58367	0.66414	0.76109	0.81432
266	0.07781	0.16683	0.26411	0.33822	0.43845	0.53013	0.60752	0.69167	0.79189	0.84705
267	0.08096	0.17371	0.2743	0.35121	0.45452	0.54993	0.6299	0.71769	0.82103	0.87833
268	0.08432	0.18038	0.28387	0.36314	0.46965	0.5677	0.65042	0.74078	0.84722	0.90592
269	0.08609	0.18546	0.29175	0.3732	0.48214	0.58311	0.66784	0.76144	0.86988	0.93025
270	0.08697	0.18974	0.29878	0.38245	0.49309	0.59693	0.68364	0.77991	0.89052	0.95202
271	0.08806	0.19369	0.30468	0.3902	0.50261	0.60856	0.69728	0.79572	0.90757	0.96956
272	0.08892	0.19669	0.3092	0.39618	0.50968	0.61743	0.70746	0.80722	0.91952	0.98295
273	0.08961	0.19896	0.31253	0.40032	0.51478	0.62343	0.71396	0.81519	0.92702	0.99134
274	0.08976	0.20004	0.31394	0.40193	0.51667	0.62596	0.7161	0.81798	0.93006	0.99506
275	0.08908	0.19996	0.31376	0.40153	0.51616	0.62541	0.71571	0.81759	0.92979	0.99349
276	0.0877	0.19862	0.31163	0.39918	0.51239	0.62141	0.71148	0.81352	0.92387	0.98708
277	0.08556	0.19569	0.30749	0.39411	0.50496	0.61314	0.70243	0.80335	0.91147	0.97443
278	0.08292	0.19185	0.30165	0.38658	0.49538	0.60167	0.68942	0.7893	0.89368	0.95544
279	0.07976	0.18688	0.29404	0.37703	0.48289	0.58702	0.67217	0.7703	0.8714	0.93353
280	0.0761	0.18071	0.28519	0.36547	0.46812	0.56901	0.65189	0.74729	0.84517	0.90485
281	0.07245	0.17401	0.27481	0.352	0.45088	0.54868	0.62831	0.72121	0.81545	0.8722
282	0.068	0.16606	0.26242	0.33643	0.43135	0.52523	0.60159	0.69044	0.78001	0.83511
283	0.06355	0.1575	0.24895	0.31901	0.40939	0.4987	0.57125	0.65644	0.74074	0.79489
284	0.05866	0.1476	0.23416	0.29996	0.38567	0.47001	0.53814	0.61866	0.69876	0.7479
285	0.05302	0.13695	0.21825	0.27962	0.35999	0.43898	0.50269	0.57814	0.65252	0.69874
286	0.04755	0.12596	0.20168	0.25862	0.33289	0.40641	0.46568	0.53651	0.60517	0.64918
287	0.04165	0.11435	0.18408	0.23588	0.30463	0.37236	0.42648	0.49173	0.55444	0.59516
288	0.03548	0.10243	0.16588	0.21296	0.2753	0.33678	0.3865	0.44596	0.50272	0.53978
289	0.0295	0.09021	0.1479	0.1899	0.24663	0.30212	0.34634	0.40011	0.45105	0.48441
290	0.02331	0.0784	0.13001	0.167	0.21788	0.26792	0.30692	0.35525	0.40015	0.4302
291	0.01772	0.06687	0.11287	0.14505	0.19028	0.23439	0.26908	0.31196	0.35147	0.37805
292	0.01266	0.05639	0.09677	0.12472	0.16456	0.2033	0.23356	0.27134	0.30551	0.329
293	0.00768	0.04626	0.08163	0.10554	0.14007	0.17408	0.20052	0.23362	0.26265	0.28365
294	0.00317	0.03694	0.06776	0.08788	0.11798	0.14746	0.17005	0.19847	0.22366	0.2416
295	-0.00111	0.0284	0.05511	0.072	0.09799	0.12353	0.14277	0.16733	0.18844	0.20426
296	-0.00487	0.02053	0.04415	0.05816	0.08047	0.10244	0.1187	0.13954	0.15781	0.17141
297	-0.00804	0.01372	0.0341	0.04565	0.06479	0.08381	0.09752	0.11497	0.13032	0.14189
298	-0.01096	0.00761	0.02533	0.03472	0.05085	0.06736	0.07897	0.09365	0.10649	0.11635
299	-0.01324	0.00231	0.0178	0.02504	0.03879	0.05298	0.06267	0.07484	0.08543	0.09411
300	-0.0154	-0.00231	0.0108	0.01661	0.02818	0.0403	0.04859	0.05858	0.0674	0.07498
301	-0.01727	-0.00657	0.00516	0.00969	0.01937	0.03002	0.03692	0.04505	0.05264	0.05911
302	-0.019	-0.0101	3.43609E-4	0.00386	0.012	0.02132	0.02707	0.03371	0.04005	0.04556
303	-0.02033	-0.013	-0.00361	-0.00105	0.00564	0.01399	0.01884	0.02425	0.02951	0.03437
304	-0.02144	-0.01565	-0.00713	-0.00548	2.23446E-4	0.00768	0.01172	0.016	0.0205	0.02477
305	-0.02248	-0.01789	-0.01014	-0.0089	-0.00423	0.0025	0.00598	0.00926	0.01315	0.01692
306	-0.02305	-0.01958	-0.01255	-0.01181	-0.00788	-0.00176	0.00124	0.00384	0.00721	0.01049
307	-0.0238	-0.02121	-0.01468	-0.01428	-0.01101	-0.00539	-0.00274	-8.955E-4	0.00214	0.00498
308	-0.02462	-0.02279	-0.01643	-0.01633	-0.01374	-0.00843	-0.00607	-0.00478	-0.00212	5.78523E-4
309	-0.0249	-0.02377	-0.01786	-0.01807	-0.01585	-0.01083	-0.00889	-0.00797	-0.00565	-0.00316
310	-0.02533	-0.02476	-0.01912	-0.01947	-0.0177	-0.01302	-0.01119	-0.01065	-0.00858	-0.00632
311	-0.02574	-0.02561	-0.02018	-0.02065	-0.01919	-0.01474	-0.013	-0.01277	-0.01094	-0.00884
312	-0.02604	-0.02635	-0.02107	-0.02172	-0.02056	-0.01628	-0.01468	-0.0147	-0.01296	-0.01107
313	-0.02647	-0.02714	-0.02189	-0.02258	-0.02169	-0.01748	-0.01608	-0.0163	-0.01473	-0.01304
314	-0.02659	-0.02751	-0.02257	-0.02337	-0.0227	-0.0186	-0.01728	-0.01767	-0.01625	-0.01455
315	-0.0268	-0.02795	-0.02319	-0.024	-0.02361	-0.01954	-0.01837	-0.01883	-0.01751	-0.01595
316	-0.02702	-0.02848	-0.02367	-0.02452	-0.0242	-0.02036	-0.01921	-0.01976	-0.01856	-0.01706
317	-0.02724	-0.02884	-0.02408	-0.02502	-0.02489	-0.02108	-0.01994	-0.02073	-0.01958	-0.01814
318	-0.02726	-0.02901	-0.02446	-0.02542	-0.02533	-0.02163	-0.02061	-0.02151	-0.0204	-0.01902
319	-0.02755	-0.02939	-0.02475	-0.02569	-0.02582	-0.0221	-0.02112	-0.02202	-0.02106	-0.01973
320	-0.02763	-0.02964	-0.02486	-0.02591	-0.02609	-0.02244	-0.02147	-0.02248	-0.0215	-0.02027
321	-0.02778	-0.02993	-0.02521	-0.02616	-0.02644	-0.02294	-0.022	-0.02306	-0.02218	-0.02085
322	-0.02791	-0.03007	-0.02551	-0.0265	-0.02691	-0.02337	-0.0225	-0.02364	-0.02274	-0.0216
323	-0.02792	-0.0301	-0.02562	-0.02659	-0.02701	-0.02362	-0.02269	-0.02384	-0.02305	-0.02193
324	-0.02797	-0.03023	-0.02583	-0.02694	-0.02737	-0.02399	-0.02311	-0.02423	-0.02352	-0.02241
325	-0.02816	-0.03049	-0.026	-0.02713	-0.02761	-0.02424	-0.02345	-0.02458	-0.02395	-0.02288