245	0.00405	0.01803	0.04219	0.05239	0.05883	0.06916	0.08105	0.09184	0.10128	0.12603
246	0.00388	0.018	0.04231	0.05269	0.05934	0.06991	0.08184	0.09297	0.10262	0.12688
247	0.00397	0.0186	0.04348	0.05432	0.06164	0.07254	0.08502	0.09655	0.1066	0.13085
248	0.00446	0.01979	0.04553	0.05737	0.06551	0.07708	0.0906	0.1029	0.11368	0.13824
249	0.00531	0.022	0.04877	0.06172	0.07084	0.08332	0.09808	0.1114	0.12327	0.14863
250	0.00654	0.02486	0.05303	0.06727	0.07764	0.09139	0.10782	0.12241	0.13547	0.16205
251	0.00818	0.02806	0.05793	0.07386	0.08586	0.1011	0.11926	0.13539	0.14984	0.17803
252	0.00976	0.03188	0.06362	0.0814	0.09521	0.11221	0.1324	0.1504	0.16645	0.19663
253	0.01144	0.03601	0.06981	0.08956	0.1057	0.12471	0.14695	0.16696	0.18483	0.21739
254	0.01353	0.04043	0.07668	0.09866	0.11691	0.13793	0.16281	0.18503	0.20466	0.23994
255	0.01589	0.04574	0.08452	0.10885	0.12954	0.15276	0.18034	0.20492	0.22666	0.26496
256	0.01853	0.05133	0.0929	0.11988	0.14309	0.1687	0.19964	0.22669	0.25073	0.2923
257	0.02147	0.05749	0.10203	0.13186	0.15801	0.18626	0.2201	0.24992	0.2764	0.32152
258	0.0245	0.06389	0.11169	0.1444	0.17348	0.20467	0.24196	0.27465	0.3039	0.3528
259	0.02744	0.07029	0.1214	0.1574	0.1897	0.22388	0.26482	0.30041	0.33242	0.38531
260	0.03049	0.07732	0.13206	0.17136	0.20703	0.24436	0.28931	0.32822	0.36321	0.42014
261	0.03396	0.08478	0.14343	0.18635	0.22572	0.26645	0.31514	0.3575	0.39568	0.45703
262	0.03741	0.09288	0.15545	0.20206	0.24522	0.28942	0.34226	0.38842	0.42963	0.49575
263	0.04156	0.10113	0.16796	0.21834	0.2655	0.31344	0.37079	0.42074	0.46538	0.53632
264	0.04559	0.10971	0.18093	0.23553	0.28665	0.33847	0.40017	0.45397	0.50215	0.57791
265	0.04958	0.11848	0.19412	0.25294	0.30827	0.36437	0.4308	0.48898	0.5408	0.62151
266	0.0537	0.12724	0.20763	0.27057	0.33056	0.39065	0.46221	0.52423	0.57993	0.66549
267	0.0584	0.1368	0.22192	0.28953	0.35392	0.4183	0.49472	0.56126	0.6207	0.7117
268	0.06265	0.14629	0.23662	0.30842	0.37759	0.44626	0.52768	0.59864	0.6623	0.75852
269	0.06727	0.15581	0.25102	0.32744	0.40118	0.47455	0.56118	0.63664	0.70434	0.80608
270	0.07188	0.16544	0.26554	0.34663	0.42523	0.50282	0.59406	0.67435	0.74611	0.85377
271	0.07643	0.17509	0.2803	0.36583	0.44925	0.5309	0.62743	0.71165	0.78762	0.90062
272	0.08115	0.18478	0.29484	0.3849	0.47282	0.55892	0.66094	0.74986	0.82945	0.9483
273	0.08588	0.19392	0.30893	0.40335	0.49634	0.58696	0.69402	0.78682	0.87013	0.99486
274	0.0904	0.20304	0.32271	0.42166	0.51929	0.61423	0.72578	0.82331	0.90969	1.04124
275	0.09474	0.21172	0.33604	0.43904	0.54077	0.63988	0.75606	0.85766	0.94798	1.0854
276	0.09884	0.21997	0.34883	0.45585	0.56187	0.66429	0.78541	0.89027	0.98548	1.12663
277	0.10269	0.2279	0.36065	0.47142	0.58109	0.68676	0.81098	0.92027	1.01818	1.1643
278	0.10595	0.23474	0.3713	0.48541	0.59908	0.70845	0.8348	0.94785	1.04838	1.19904
279	0.10914	0.2412	0.38058	0.49788	0.61477	0.72755	0.85706	0.97412	1.07765	1.23149
280	0.11203	0.24708	0.38922	0.50902	0.62782	0.74244	0.87695	0.99632	1.10236	1.26219
281	0.11426	0.25137	0.39602	0.51836	0.63982	0.75614	0.89361	1.01474	1.12189	1.28543
282	0.1157	0.25433	0.40065	0.52477	0.64995	0.768	0.90697	1.02987	1.1407	1.30611
283	0.11703	0.25681	0.40467	0.5299	0.65595	0.77595	0.91637	1.04278	1.15406	1.32518
284	0.11729	0.25798	0.40668	0.53223	0.65863	0.77934	0.92248	1.04861	1.16081	1.33226
285	0.11704	0.25807	0.40605	0.53232	0.65862	0.77916	0.9217	1.04754	1.15856	1.33055
286	0.11631	0.2563	0.40413	0.53008	0.65584	0.77586	0.91742	1.04269	1.15441	1.3241
287	0.11481	0.25355	0.39979	0.52487	0.64897	0.76774	0.90787	1.0319	1.14051	1.30612
288	0.11257	0.24902	0.39336	0.5162	0.63991	0.75784	0.89479	1.0182	1.12641	1.29166
289	0.10988	0.24358	0.38532	0.50592	0.62781	0.74302	0.88058	1.00005	1.10844	1.27242
290	0.10628	0.23687	0.37504	0.4932	0.61188	0.72432	0.85819	0.97558	1.08136	1.23982
291	0.10217	0.22871	0.36298	0.47736	0.59186	0.70213	0.83253	0.94692	1.04836	1.20476
292	0.0973	0.21943	0.34903	0.45966	0.57029	0.67599	0.80215	0.91205	1.00912	1.15879
293	0.09181	0.20903	0.33325	0.4389	0.5445	0.64615	0.76692	0.8718	0.9651	1.10851
294	0.08588	0.19762	0.31652	0.41685	0.51779	0.61423	0.72955	0.82986	0.91872	1.05431
295	0.07971	0.18563	0.29816	0.39329	0.48895	0.58018	0.68853	0.78277	0.86771	0.99494
296	0.07324	0.172	0.27813	0.36729	0.45705	0.54269	0.64498	0.73353	0.81284	0.9306
297	0.06635	0.15871	0.25796	0.34141	0.42433	0.50385	0.59983	0.68273	0.75582	0.86598
298	0.05918	0.14451	0.23692	0.31389	0.39037	0.46395	0.55358	0.63034	0.69833	0.80036
299	0.05179	0.13031	0.21561	0.28606	0.35604	0.42307	0.50558	0.57612	0.63804	0.73193
300	0.04452	0.11629	0.1945	0.25859	0.32248	0.38329	0.45871	0.52254	0.57917	0.66508
301	0.03762	0.10238	0.17399	0.23176	0.2894	0.34468	0.41272	0.46989	0.52106	0.59943
302	0.03085	0.08934	0.15424	0.20631	0.2575	0.30672	0.36805	0.41906	0.46511	0.53564
303	0.02449	0.07657	0.1352	0.18155	0.2269	0.27048	0.32566	0.37108	0.41208	0.47542
304	0.01849	0.06445	0.11709	0.15813	0.19802	0.23609	0.28516	0.32543	0.36168	0.41779
305	0.01281	0.05336	0.10043	0.13651	0.17129	0.20463	0.24789	0.28334	0.31556	0.36509
306	0.00766	0.04318	0.08541	0.11669	0.14662	0.17571	0.21379	0.2445	0.27295	0.31637
307	0.00293	0.03431	0.07178	0.099	0.12438	0.14941	0.18293	0.20929	0.23402	0.27208
308	-0.00145	0.02587	0.05901	0.08241	0.10381	0.12519	0.15419	0.17669	0.19809	0.23126
309	-0.0052	0.01822	0.0476	0.06782	0.08566	0.10379	0.12888	0.14808	0.16667	0.19548
310	-0.00855	0.01148	0.03756	0.05475	0.06961	0.08488	0.10634	0.12271	0.13866	0.16356
311	-0.01156	0.00586	0.02901	0.04349	0.0554	0.0681	0.08664	0.10046	0.11404	0.13555
312	-0.01416	5.87463E-4	0.02108	0.03322	0.04288	0.0533	0.06912	0.08065	0.09221	0.11071
313	-0.01635	-0.00377	0.01444	0.02457	0.03222	0.04059	0.054	0.06363	0.0735	0.08926
314	-0.01852	-0.00768	0.00864	0.01702	0.02293	0.0297	0.04103	0.04899	0.0573	0.07082
315	-0.02005	-0.01096	0.00346	0.01048	0.01461	0.01992	0.0297	0.03619	0.04316	0.05466
316	-0.02148	-0.01377	-7.52449E-4	0.00495	0.00783	0.0119	0.02033	0.02551	0.03136	0.04119
317	-0.02273	-0.01631	-0.00443	1.38187E-4	0.00175	0.00493	0.01218	0.01623	0.02117	0.02968
318	-0.02382	-0.01811	-0.00738	-0.00367	-0.00297	-8.46744E-4	0.00502	0.00831	0.01235	0.01959
319	-0.02459	-0.02004	-0.01014	-0.00725	-0.00707	-0.00558	-4.51565E-4	0.00206	0.00543	0.01168
320	-0.02541	-0.02129	-0.01232	-0.00998	-0.01056	-0.00983	-0.00536	-0.00359	-7.44224E-4	0.00466
321	-0.0261	-0.02262	-0.01417	-0.01234	-0.01342	-0.01322	-0.00951	-0.00823	-0.00594	-0.00121
322	-0.02668	-0.02346	-0.01567	-0.01421	-0.01591	-0.01614	-0.0129	-0.01207	-0.01013	-0.006
323	-0.02724	-0.02434	-0.01701	-0.01587	-0.01795	-0.01852	-0.01571	-0.01517	-0.01363	-0.00992
324	-0.02762	-0.02483	-0.01782	-0.01698	-0.0197	-0.02051	-0.01807	-0.01786	-0.01657	-0.01322
325	-0.02803	-0.02545	-0.01883	-0.01826	-0.02094	-0.02194	-0.02015	-0.02013	-0.01912	-0.01611
