245	-0.02122	-0.0133	-0.00471	0.00249	0.01147	0.02132	0.02964	0.03884	0.04315	0.05503
246	-0.02148	-0.01366	-0.00512	0.00214	0.01088	0.02072	0.02889	0.03721	0.04139	0.05303
247	-0.02148	-0.01348	-0.00472	0.00296	0.01172	0.02185	0.03019	0.03789	0.04224	0.054
248	-0.02131	-0.0128	-0.0035	0.00474	0.01364	0.02451	0.03335	0.04079	0.04556	0.05758
249	-0.02085	-0.01155	-0.00162	0.00726	0.01671	0.02843	0.03808	0.04547	0.05072	0.06337
250	-0.02	-0.00976	0.00104	0.01088	0.02099	0.03378	0.04437	0.05192	0.05805	0.07153
251	-0.01902	-0.00763	0.00427	0.01518	0.02614	0.04021	0.05199	0.05991	0.06699	0.08157
252	-0.01798	-0.00524	0.00786	0.02005	0.03208	0.04775	0.06074	0.06913	0.07746	0.09325
253	-0.0167	-0.00253	0.01201	0.02558	0.03892	0.05607	0.07077	0.07963	0.08937	0.10657
254	-0.01532	5.2948E-4	0.01669	0.03179	0.04638	0.06539	0.08171	0.09139	0.10247	0.12132
255	-0.01367	0.00402	0.02191	0.03873	0.05488	0.07591	0.0941	0.1046	0.11738	0.13791
256	-0.01187	0.00795	0.02781	0.04641	0.06433	0.08745	0.10759	0.11922	0.13389	0.15634
257	-0.00977	0.01236	0.0343	0.05498	0.07471	0.10039	0.1227	0.13542	0.15207	0.17673
258	-0.00749	0.01701	0.04133	0.06419	0.08603	0.11439	0.13912	0.15297	0.17187	0.19884
259	-0.005	0.02204	0.04887	0.07414	0.09812	0.12925	0.15677	0.17186	0.193	0.22256
260	-0.00262	0.02746	0.05699	0.08476	0.11127	0.14544	0.17587	0.1923	0.21599	0.24835
261	4.05216E-4	0.03352	0.06599	0.09656	0.12569	0.16324	0.19672	0.2147	0.24114	0.27658
262	0.00348	0.03992	0.07558	0.10909	0.14111	0.18229	0.21894	0.23885	0.26829	0.30671
263	0.00692	0.04687	0.08598	0.12277	0.15786	0.20282	0.24315	0.26473	0.29738	0.33935
264	0.01056	0.05438	0.0971	0.13736	0.17569	0.22482	0.26896	0.29267	0.3287	0.37428
265	0.01432	0.06223	0.10882	0.15274	0.19458	0.24804	0.29633	0.32203	0.36164	0.41121
266	0.01859	0.07072	0.12133	0.16901	0.2146	0.27261	0.3251	0.35315	0.39657	0.45002
267	0.02321	0.07988	0.13484	0.18658	0.23624	0.29919	0.35604	0.3869	0.43438	0.49232
268	0.0278	0.08932	0.14876	0.2049	0.25864	0.32661	0.38829	0.42167	0.47371	0.53617
269	0.03275	0.09929	0.16365	0.22427	0.28245	0.35576	0.42251	0.45912	0.51549	0.58297
270	0.03784	0.10956	0.17899	0.2443	0.3071	0.38587	0.4581	0.49772	0.55887	0.63148
271	0.0432	0.12052	0.19499	0.26534	0.33269	0.41744	0.49484	0.53807	0.604	0.68181
272	0.04882	0.13183	0.21171	0.28704	0.35938	0.45019	0.53341	0.5802	0.65138	0.73488
273	0.05456	0.1434	0.22888	0.30934	0.38693	0.48401	0.57293	0.62374	0.70016	0.7892
274	0.06053	0.15531	0.24648	0.33248	0.41512	0.51869	0.61339	0.66886	0.75084	0.84504
275	0.06642	0.16732	0.26404	0.35563	0.44353	0.55348	0.65418	0.714	0.8014	0.90127
276	0.07253	0.17962	0.28229	0.37934	0.47259	0.58885	0.69568	0.75998	0.85272	0.95874
277	0.07845	0.19174	0.30044	0.40289	0.50181	0.62444	0.73703	0.80566	0.90407	1.0159
278	0.08445	0.20398	0.31861	0.42676	0.53077	0.66022	0.77851	0.85272	0.95655	1.07503
279	0.09064	0.21639	0.33665	0.45061	0.55925	0.69574	0.81968	0.8995	1.00879	1.13283
280	0.09647	0.22842	0.35435	0.47363	0.58752	0.72991	0.85996	0.9463	1.06189	1.19134
281	0.10194	0.24002	0.37169	0.49603	0.61524	0.76335	0.89935	0.9907	1.11281	1.24921
282	0.10762	0.25152	0.38846	0.51832	0.64264	0.79717	0.93957	1.03707	1.16545	1.30872
283	0.11301	0.26236	0.40428	0.53936	0.66833	0.82862	0.97602	1.07961	1.21234	1.36091
284	0.1181	0.27271	0.41979	0.55959	0.69232	0.85811	1.01166	1.1222	1.26111	1.41351
285	0.12241	0.2818	0.43339	0.57695	0.71346	0.88564	1.04287	1.16025	1.30388	1.46416
286	0.12656	0.29043	0.44554	0.59311	0.73254	0.90821	1.06893	1.1911	1.34045	1.50183
287	0.13002	0.29782	0.45647	0.60719	0.74947	0.9299	1.09435	1.22498	1.37701	1.54332
288	0.13237	0.30326	0.46465	0.61826	0.76291	0.94576	1.11467	1.24986	1.4035	1.57472
289	0.13495	0.30863	0.47186	0.62805	0.77523	0.96045	1.13177	1.27475	1.43141	1.60693
290	0.13654	0.31246	0.47793	0.63574	0.78582	0.97441	1.14969	1.30127	1.46323	1.64854
291	0.13736	0.31422	0.48098	0.63938	0.79031	0.98084	1.15504	1.31449	1.47742	1.66446
292	0.13725	0.31444	0.48107	0.63951	0.78942	0.98138	1.15261	1.31844	1.4853	1.66773
293	0.13602	0.31309	0.47884	0.63694	0.78617	0.97683	1.14943	1.31838	1.4825	1.66175
294	0.13518	0.31102	0.47571	0.63293	0.78141	0.97056	1.14367	1.31773	1.48611	1.6673
295	0.13283	0.30721	0.46905	0.62493	0.77132	0.95936	1.13	1.30921	1.47226	1.65723
296	0.13001	0.30131	0.46075	0.61378	0.75756	0.94325	1.11105	1.2922	1.455	1.63628
297	0.12597	0.29319	0.44916	0.59817	0.73839	0.91956	1.08164	1.26804	1.42497	1.60371
298	0.12088	0.28342	0.43473	0.57887	0.71562	0.89122	1.048	1.23565	1.38833	1.55823
299	0.11563	0.27271	0.41832	0.55726	0.68917	0.85855	1.00831	1.19881	1.34637	1.50934
300	0.10946	0.26035	0.39992	0.5333	0.65999	0.82301	0.96716	1.157	1.30087	1.45702
301	0.10247	0.24656	0.37933	0.5064	0.6272	0.78242	0.92005	1.10849	1.24496	1.3998
302	0.09484	0.23124	0.3569	0.47736	0.59084	0.7388	0.86862	1.05559	1.1849	1.33042
303	0.08692	0.21505	0.33298	0.44566	0.55243	0.69189	0.81267	0.99496	1.11664	1.25241
304	0.07857	0.19826	0.30816	0.41304	0.51231	0.64267	0.75533	0.93309	1.0472	1.17444
305	0.07026	0.1815	0.28314	0.38024	0.47203	0.59326	0.69765	0.86975	0.9774	1.09414
306	0.06179	0.16444	0.25795	0.34717	0.43175	0.5436	0.6395	0.8053	0.90418	1.01367
307	0.05351	0.14743	0.23288	0.31445	0.3916	0.49425	0.5818	0.74107	0.8313	0.93169
308	0.04524	0.1305	0.20803	0.28199	0.35175	0.44532	0.52436	0.67533	0.75815	0.84989
309	0.03746	0.11451	0.18464	0.25116	0.31391	0.39893	0.46973	0.61265	0.68765	0.77153
310	0.03001	0.09905	0.16208	0.22155	0.27769	0.35431	0.41763	0.55093	0.61898	0.69443
311	0.02286	0.08442	0.14056	0.19343	0.24353	0.3122	0.36827	0.49195	0.5529	0.62054
312	0.01622	0.07058	0.12032	0.1669	0.21101	0.27215	0.32133	0.43539	0.48907	0.54956
313	0.01	0.05778	0.1017	0.14251	0.18121	0.23539	0.27846	0.38256	0.43006	0.48357
314	0.00435	0.04601	0.08447	0.12001	0.15367	0.20143	0.23882	0.33313	0.37444	0.42175
315	-0.00105	0.03498	0.06852	0.09909	0.12818	0.16986	0.20208	0.28675	0.32244	0.36386
316	-0.00565	0.02529	0.05433	0.08055	0.10553	0.14198	0.16934	0.24452	0.27544	0.31138
317	-0.00988	0.01648	0.04169	0.06392	0.08521	0.1169	0.14018	0.20652	0.23269	0.26394
318	-0.01372	0.00857	0.03004	0.04869	0.06679	0.09419	0.1137	0.1715	0.19353	0.22022
319	-0.01689	0.00172	0.02019	0.03571	0.05106	0.0746	0.09088	0.14104	0.15922	0.18216
320	-0.01973	-0.0042	0.01158	0.02444	0.03729	0.05751	0.07098	0.11422	0.12911	0.14863
321	-0.02197	-0.00927	0.00417	0.01479	0.02544	0.04274	0.05374	0.09052	0.10257	0.11924
322	-0.02405	-0.01367	-0.00221	0.00652	0.01524	0.03023	0.03906	0.07034	0.07988	0.09403
323	-0.02577	-0.01722	-0.00744	-4.47631E-4	0.00685	0.01979	0.02685	0.05328	0.06067	0.07273
324	-0.02748	-0.0206	-0.01227	-0.00663	-6.75774E-4	0.01061	0.01613	0.03829	0.0439	0.05414
325	-0.02861	-0.02315	-0.01589	-0.01137	-0.00644	0.00332	0.00777	0.02624	0.03034	0.03907