245	0.01278	0.03533	0.05866	0.07932	0.1002	0.13471	0.16569	0.16569	0.20974	0.22622
246	0.01401	0.03817	0.06323	0.08522	0.10782	0.14373	0.17623	0.17623	0.22318	0.24139
247	0.01585	0.04219	0.06929	0.09323	0.11778	0.15584	0.19051	0.19051	0.24143	0.26146
248	0.01832	0.04719	0.07667	0.10308	0.13013	0.17081	0.20788	0.20788	0.2637	0.28647
249	0.0211	0.05289	0.08506	0.1142	0.1444	0.18791	0.22797	0.22797	0.28911	0.31482
250	0.0242	0.05947	0.09472	0.12701	0.16046	0.2077	0.25094	0.25094	0.31849	0.34758
251	0.02773	0.0668	0.10559	0.1413	0.1786	0.22965	0.27616	0.27616	0.35126	0.38376
252	0.03169	0.07482	0.11754	0.15704	0.1984	0.25371	0.30415	0.30415	0.38674	0.4231
253	0.03604	0.08354	0.13014	0.17374	0.21959	0.27944	0.33409	0.33409	0.42521	0.46586
254	0.0404	0.09262	0.14349	0.19149	0.24184	0.30631	0.36558	0.36558	0.46504	0.51067
255	0.04528	0.10234	0.15785	0.21061	0.266	0.33543	0.39956	0.39956	0.50847	0.55894
256	0.0502	0.11246	0.17283	0.23038	0.29115	0.3661	0.43514	0.43514	0.55452	0.60995
257	0.0555	0.12318	0.18879	0.25156	0.31758	0.3987	0.47267	0.47267	0.60243	0.66387
258	0.06085	0.13431	0.20548	0.27381	0.34549	0.43219	0.51186	0.51186	0.65242	0.71965
259	0.06638	0.14572	0.2223	0.29594	0.37353	0.46647	0.55144	0.55144	0.70325	0.77632
260	0.07221	0.1576	0.23993	0.31929	0.40283	0.5023	0.59325	0.59325	0.7564	0.83535
261	0.07809	0.16971	0.25808	0.34338	0.43345	0.53865	0.63534	0.63534	0.8109	0.89574
262	0.08427	0.18214	0.27633	0.36735	0.46373	0.57607	0.67881	0.67881	0.86536	0.9574
263	0.0899	0.19412	0.29439	0.39156	0.49447	0.61308	0.72202	0.72202	0.92144	1.01943
264	0.09573	0.20624	0.31283	0.41575	0.52537	0.65052	0.76525	0.76525	0.97642	1.08049
265	0.10168	0.21843	0.33089	0.4398	0.55563	0.68816	0.80868	0.80868	1.03244	1.14289
266	0.10716	0.22999	0.34809	0.46275	0.58499	0.72357	0.84979	0.84979	1.0842	1.20094
267	0.11295	0.24189	0.36551	0.48598	0.61454	0.75931	0.89176	0.89176	1.13625	1.2599
268	0.1187	0.25339	0.38263	0.5082	0.64236	0.79267	0.93143	0.93143	1.18617	1.31372
269	0.12341	0.26351	0.39799	0.52875	0.66863	0.82435	0.96774	0.96774	1.23188	1.36579
270	0.1273	0.2724	0.41169	0.54702	0.69186	0.85346	1.00259	1.00259	1.27556	1.41331
271	0.13101	0.2807	0.4242	0.56389	0.71355	0.87913	1.03361	1.03361	1.31511	1.45746
272	0.13444	0.28819	0.43581	0.5794	0.73303	0.90285	1.06076	1.06076	1.34771	1.4977
273	0.13738	0.29463	0.44539	0.59235	0.7495	0.92218	1.08439	1.08439	1.38019	1.53226
274	0.14	0.30023	0.4533	0.60273	0.76229	0.93873	1.10232	1.10232	1.40227	1.55972
275	0.14174	0.30409	0.45915	0.61054	0.77202	0.94999	1.11572	1.11572	1.41642	1.57491
276	0.14242	0.30608	0.46216	0.61457	0.77747	0.95609	1.12492	1.12492	1.42667	1.58725
277	0.1419	0.30641	0.46261	0.6153	0.77776	0.95784	1.1303	1.1303	1.42805	1.59066
278	0.14044	0.30435	0.46016	0.61236	0.7746	0.95317	1.12444	1.12444	1.42333	1.5802
279	0.13849	0.30124	0.45543	0.60639	0.76733	0.94506	1.11372	1.11372	1.40708	1.5678
280	0.13551	0.29622	0.44843	0.59684	0.75505	0.93249	1.09881	1.09881	1.38646	1.5471
281	0.13205	0.28969	0.43903	0.58437	0.73951	0.91298	1.07775	1.07775	1.36199	1.52007
282	0.12787	0.28169	0.42668	0.56858	0.72027	0.88847	1.05105	1.05105	1.32778	1.47929
283	0.12264	0.27166	0.41271	0.55013	0.69622	0.86108	1.01504	1.01504	1.28817	1.43682
284	0.11682	0.26018	0.39528	0.52722	0.66782	0.82641	0.97381	0.97381	1.23722	1.38103
285	0.11038	0.2474	0.37702	0.50276	0.6369	0.78805	0.93013	0.93013	1.17868	1.31557
286	0.1027	0.23259	0.35591	0.47526	0.60208	0.74592	0.88227	0.88227	1.11894	1.24811
287	0.09486	0.21732	0.33288	0.44572	0.56484	0.69928	0.82861	0.82861	1.0499	1.16723
288	0.08668	0.20103	0.30935	0.41465	0.52576	0.65296	0.77294	0.77294	0.9778	1.08778
289	0.078	0.18411	0.28418	0.38155	0.48462	0.60285	0.71421	0.71421	0.90641	1.00733
290	0.06946	0.16701	0.25878	0.34811	0.4421	0.55151	0.65529	0.65529	0.82907	0.92294
291	0.06047	0.14911	0.23198	0.31326	0.39817	0.49876	0.59408	0.59408	0.75256	0.8368
292	0.05173	0.1317	0.20655	0.27936	0.35533	0.44686	0.5327	0.5327	0.67721	0.75268
293	0.04292	0.1146	0.18136	0.24608	0.31374	0.39727	0.47392	0.47392	0.60283	0.67127
294	0.03443	0.09792	0.15688	0.21414	0.27326	0.34882	0.41707	0.41707	0.53172	0.59239
295	0.02637	0.08236	0.13433	0.18408	0.23554	0.30271	0.36331	0.36331	0.46351	0.51692
296	0.01914	0.06794	0.11269	0.15566	0.19953	0.2601	0.31356	0.31356	0.40038	0.44676
297	0.0125	0.05454	0.09326	0.12997	0.16733	0.22047	0.26783	0.26783	0.34258	0.38239
298	0.00654	0.04241	0.07545	0.10651	0.1377	0.18495	0.22675	0.22675	0.28949	0.32407
299	0.00119	0.03156	0.05928	0.08506	0.11062	0.1524	0.18915	0.18915	0.24203	0.27122
300	-0.00361	0.02197	0.04541	0.06682	0.0874	0.12472	0.15638	0.15638	0.20075	0.22565
301	-0.00792	0.01357	0.03314	0.05073	0.06721	0.10034	0.1278	0.1278	0.16491	0.18591
302	-0.01189	0.00612	0.02271	0.03685	0.04981	0.07908	0.10288	0.10288	0.13398	0.15138
303	-0.01489	8.84056E-5	0.01363	0.02489	0.03471	0.06133	0.08232	0.08232	0.10748	0.12241
304	-0.01753	-0.00519	0.00582	0.0147	0.02197	0.04576	0.06435	0.06435	0.08483	0.09726
305	-0.01983	-0.00964	-4.54664E-4	0.00642	0.01149	0.03298	0.04939	0.04939	0.06581	0.07638
306	-0.02163	-0.01328	-0.00579	-5.18131E-4	0.00277	0.02237	0.03706	0.03706	0.05014	0.05913
307	-0.02325	-0.01642	-0.01022	-0.00626	-0.00429	0.01359	0.02657	0.02657	0.03716	0.04481
308	-0.02466	-0.01921	-0.01388	-0.01105	-0.01038	0.00623	0.01767	0.01767	0.02619	0.03274
309	-0.02559	-0.02121	-0.01684	-0.0149	-0.01522	2.23637E-4	0.01071	0.01071	0.0175	0.02291
310	-0.02643	-0.02281	-0.0192	-0.01801	-0.01924	-0.00464	0.00504	0.00504	0.01019	0.01491
311	-0.02708	-0.02418	-0.02125	-0.02077	-0.02279	-0.00876	3.73077E-4	3.73077E-4	0.00412	0.00828
312	-0.02774	-0.02542	-0.02293	-0.02298	-0.02559	-0.01227	-0.00364	-0.00364	-8.72731E-4	0.00272
313	-0.0282	-0.02633	-0.02424	-0.02471	-0.02776	-0.01504	-0.00679	-0.00679	-0.00492	-0.00169
314	-0.02847	-0.02707	-0.02532	-0.02612	-0.02964	-0.01715	-0.00938	-0.00938	-0.00826	-0.00536
315	-0.02879	-0.02772	-0.02631	-0.02736	-0.03115	-0.01896	-0.01159	-0.01159	-0.01091	-0.00835
316	-0.02905	-0.02825	-0.027	-0.02848	-0.03258	-0.02055	-0.01352	-0.01352	-0.01345	-0.01108
317	-0.02939	-0.02887	-0.0278	-0.0294	-0.03378	-0.02182	-0.01516	-0.01516	-0.01523	-0.01313
318	-0.02953	-0.02928	-0.02819	-0.02998	-0.03462	-0.02294	-0.01666	-0.01666	-0.01684	-0.01504
319	-0.0297	-0.02962	-0.02864	-0.03055	-0.03535	-0.02379	-0.01775	-0.01775	-0.01827	-0.01653
320	-0.0298	-0.02988	-0.02907	-0.03108	-0.036	-0.02477	-0.01866	-0.01866	-0.01959	-0.01792
321	-0.03	-0.03029	-0.02925	-0.0315	-0.0365	-0.02517	-0.01967	-0.01967	-0.02046	-0.01888
322	-0.03021	-0.03054	-0.0296	-0.03191	-0.03701	-0.02583	-0.02052	-0.02052	-0.02134	-0.01991
323	-0.03004	-0.03043	-0.0298	-0.03218	-0.03753	-0.0264	-0.02084	-0.02084	-0.0222	-0.02081
324	-0.03025	-0.0308	-0.02996	-0.03243	-0.03782	-0.02676	-0.02165	-0.02165	-0.02285	-0.0216
325	-0.0304	-0.0309	-0.03041	-0.03289	-0.03834	-0.02734	-0.02219	-0.02219	-0.02357	-0.02233